2117149568
2532482898
1087830479
7316082737
7024996968
2206444672
3079078971
5690641604
3057595595
7410944046
3055299685
6976429108
5871872896
2880159165
505085061
5952560867
6938261389
1386746969
2988467937
3646822706
6920616616
315537091
6942004184
7383945586
298455371
211329208
6677600375
5993263651
2036578989
6154580782
1561443383
4475579626
5547401498
4626395373
1250937646
1548722807
7331479349
1539461958
5663265757
3479243106
6014301164
3223292167
1800167373
4026565363
644767919
636513465
7479696520
4837442757
3986193774
6977333178
7490108964
2910386345
6088368749
227505284
7496446042
7164574342
7246417132
7106084881
4324493841
7384109910
6641922991
3102945960
6302952067
6134846100
5628262774
4220261255
6659469117
7469306770
7406876269
1448874623
4289112205
1662487866
1262232846
1628052258
1395270833
6536085730
7466293619
840268710
3448505497
478834810
3439070279
1497460932
4009600576
4836267124
1479171682
5399543724
1562238133
1526153208
4543416185
243740934
1027746518
423920642
4242636374
6890564385
224633947
369854625
5577750471
3620752997
6019492860
672317083
6660394400
1522942677
7141326922
1276901455
4834289579
6006057719
4910667877
7740194921
1246511224
7799603326
1631518847
7789265055
245190854
7740776658
601631013
1743945988
2294075714
3404635169
6861156427
4728043724
457380199
6971576707
19335574
3632214526
7081357821
5929337354
2106489376
3560856098
7070251726
4037425952
7630252842
1570327176
7822058298
815285088
279815010
5918215048
4771490719
3681436579
5610628032
7239267282
3033674741
3636010012
7782091258
7699511
8123469
5939805270
12978971
928023755
217273605
221631741
2998363216
7392862719
293876858
1819044725
210209737
5961911057
3969683518
1288520
5099633193
7395507504
16380489
3029689539
6618062934
5325046271
430909050
6514192917
3298542627
2226804251
4268515983
4904105235
1432314608
2233581615
4244402281
32798390
7761250569
14579619
5903646146
7179087829
1667133910
676076021
7148242950
191033363
7284410403
220999773
225548410
3121406052
4399182013
5944398031
532809983
7466180890
7777405223
5361004942
616335765
5598157210
228919708
3322311089
5682782682
502563324
1172566543
1572678267
374659716
263811772
3978320575
3136096991
306934524
6275982150
5687591821
1542583198
6915918756
488453046
1799615481
276143119
1723923472
234599477
2023806980
145184796
7896844318
1723530307
5797282951
3461033152
3619378384
2260173893
4280744273
209830501
2040336810
7422281719
288171038
4046116955
1421508682
6369868809
1423335231
3673681875
217821241
1520470095
5782614094
7945588750
4713734221
5615265898
1835278462
6202521728
7244794103
2269773869
7763779684
536705197
7287216842
2194032217
3413871205
1014181752
223283476
4047233730
5616355242
1511574558
3656307182
5734316511
31459625
35106826
5198837772
6617450531
196677673
174802990
5962357270
1996570672
696729123
294006857
2040541258
2223298634
1592860777
1701810282
6410999914
634148997
3793207434
4734242957
2536571034
237666462
7667916970
5859203247
5786265785
578095293
7897972926
5702566095
464525541
7246282990
4702374169
679694642
56199477
4020388169
13605210
1627261280
567052670
259438976
1596920196
3097303457
919695779
1922601391
7390812591
1274835419
4877289518
4062360056
5544704514
295375366
7438998032
3242992150
6800013849
7177439781
3253330475
7103617565
1754699852
4806558268
7225971279
8847956
296175752
1207332045
5375365716
17084125
4000136748
1699463819
1666584582
2692184080
1611444902
236169895
4973373798
1453296319
1692520843
278784052
3956043840
5748944959
32235584
1694832710
1690507353
6966091866
7452336239
5523570805
7094257784
6895286396
7282434175
557201541
7548835975
3113570449
7194177682
3229377169
251856482
632824393
8008467323
4252279930
1576380424
269813770
1383028748
4454131725
176951323
2001498145
358340648
286922801
3662661691
1735501920
527173742
7900786825
200362134
1541615777
560664739
4775856307
1684959425
30636245
4482531564
619405555
6776600824
1409030399
5392890113
1139796233
6958502158
1326913850
7001317713
924782977
4200110475
2080300933
3527233861
1657303085
1950132363
1574887835
1379561887
493470127
4071942577
5712087514
1324077594
3055530529
1378191935
666331730
6312907355
5356219031
6696745629
5554901677
3563813549
7826856483
5544923890
6827750148
393143048
4839766795
1548829452
2172799757
431428367
5015087937
513127234
633553731
4018017117
509893480
6832235368
4783717241
2226353023
6141885314
6931368872
5988289454
521843683
1562860570
5440468025
616164417
4393338552
1328055357
6204998213
210306689
4878368681
1978691599
1519262219
3066646585
2304442369
3611127869
4174430310
3578574978
4746235914
5134789683
7415837761
7329463366
4459001960
7300869265
2320070833
7002683651
217486697
1597910383
2295397762
1609007108
6917809588
7074397621
7176161370
569263594
4733092884
6935033397
6657780281
7900728898
6478206591
3565785190
5901089497
5505943287
1793479488
7103589283
3098844074
7383700424
7211638743
4125932503
6431038425
7172769301
3555795436
7220860427
1558708237
35572238
224977956
6855081007
5643127379
3407002176
4456969961
1626758440
8094135600
2305431553
1793388978
4052489
209593357
1819166230
1455088154
5693715995
7124420127
4458953769
5644678725
5599398484
4769252439
1803551830
6839139420
1639486795
6225345182
7691705510
1190033422
4143491097
1586350085
3321458773
6296807555
1570416764
268810369
519485593
2268364963
1947001007
4219902133
2167683282
313817292
337156328
617451784
1685973263
3094802
1356867751
1119920413
146127143
7087334802
2902694205
190073165
7184063081
1749903753
3159021966
1991752089
3112395166
214944166
2871523759
7486411192
2378074563
3638940097
7272646778
3590349057
4498125624
1521993005
2077344804
2066775626
6484445760
200749057
1488265282
7966105688
7712837767
3165581462
5394686109
1548742827
4640945
4123325001
1814860017
275824736
2154695427
1757939536
3950807271
326959895
1415651163
207066179
5513403489
7319570536
5881454706
5594673282
4282799249
745902238
1466941618
6170120378
224668877
6555636944
8086376668
3027842325
4252696929
1475196266
5956925814
5944577394
1803981205
890109366
4924844580
6249208360
1498369583
478678621
3306236529
4205691591
6785734351
3045705455
240661266
2297313074
3218330626
3276703368
6245121108
9834588
7727567980
289603663
1969035419
195157101
4106098105
4032663564
1594918934
7532189733
222947392
6112528494
3691403407
5406718097
1910634644
3936733356
7062933679
3913083054
2168292877
2241480890
3274922079
1540520124
1535097022
2100342988
5342886093
6986668238
7935787232
355363051
3009566959
1395351815
277125384
20263192
2262032665
2426843419
1702846751
4051472677
7444112156
7102909441
6883602445
7913072667
6710726697
6312920108
5678521388
5851471919
2247580723
185059380
342352951
3172074554
6138801211
5656081467
1981485122
411817041
8011534429
5614154847
2962727016
7759827065
6829994112
326477958
3428497
6682549401
5900163232
1093997732
6912205990
2368951465
8058889385
7717638324
2177469621
3566756024
7419968704
4671851719
7492700369
3162270941
7524547810
316925155
1601376293
7165602030
1334719731
7355657474
7490473229
5345691721
47909140
7663393061
6268012849
1929887026
7122974006
6763269433
6024819010
6412843330
6971938139
7631218038
3400623484
4450674045
1704920447
1979063680
2222622085
2005163409
7582779795
7687391674
5563195836
214675919
454759899
7026301405
5980643812
1606509031
7444166126
7152745966
6300364277
8033251845
1033690395
4118948362
3117519387
6850655771
6234909220
6655701541
7305092646
6124652092
6101388861
7684595265
5539032657
4195021410
1786179179
6485879410
41411206
2518665
4361248404
7345591962
5951501663
12808244
6761762829
1066833933
9070645
567355
3191223837
4050508346
7439646783
6192917570
6344515662
7964851712
4559233300
4584993734
5856530787
3048231120
1955616522
3785812417
7427471363
6966335375
3569299564
4703642257
8120692251
3869561934
3130104911
6009411892
7493465970
250537548
6841382116
3505232392
5876869770
3070679318
270890534
396031898
246183982
7697961113
207110299
7875760
4539239109
321126433
3257472730
283055334
4869034478
7595597632
53956673
1972424515
49273415
5906894416
3211566420
7494651995
1742183528
7375905388
44680997
784810359
7011651195
51933838
6912122003
6775603621
510907057
515166240
209678001
7355728846
6625187811
936922854
145377223
7417831164
1533896917
3476079920
4085223709
5653188596
2140502017
1571747846
6736846858
5832280074
4100753030
5887549456
5419026451
30101520
6947948563
214886418
4457611300
3644095609
738369112
6784319488
6083026604
7970264708
1366886431
2209546732
1529931113
7296919588
12612624
434869691
6224701735
1080455234
7013262514
1781442561
3656537827
3718895737
6410538396
3267526457
2159767864
5604727352
269353218
6759950908
1553778331
33585742
1474986000
2070199273
7753536815
2286985289
3732748
4065744012
1584979035
5752507536
4018272314
1830846437
1504271376
56078376
5786527510
881271881
5548931868
4498237473
4471983400
46581061
7237659734
4049090152
6717578123
1128590999
531308972
5533301966
1945036241
5760775645
6921980393
599798527
14242510
3870707759
8125418576
8040604768
3306132589
1189980286
7048348849
2087298374
6772981064
188993002
7325188605
6868538891
370119179
5573441043
6318695763
222769719
4289688136
296449610
493343326
7934405232
4611232385
245820578
7331031697
7909920453
2321414939
2256814909
6800007907
318989973
1519862127
1448440894
2406531203
7576199263
7330508883
5352393450
32688881
1475973189
4831830808
227725267
2958226289
8055936116
2368452967
2879751049
1783013380
5838267686
32375625
6720282475
1916841844
1628002951
6838113738
2243360815
3036270599
4058406219
3207063263
23192081
8135910244
2979127282
4735779061
4437369490
4253970571
2262194049
3987996684
5332148235
4097673226
6957919360
348535839
2295879063
177028753
437663
286378112
1698996042
1680102609
636254547
1486174107
587578038
2090674359
8607760
5643707518
270475282
5424516653
1622703628
933672964
6181511181
314130449
5499707603
30963926
3174726422
2122761279
4183457204
50244969
1931285504
5689520956
2521821333
298505922
4253555160
7524487299
638111231
7352858439
7316521189
32752109
3250168300
36971899
7780540719
3106304321
1636354744
284002220
1531574278
4662694801
634293159
4616774094
319233003
1525356017
4323657656
1635722511
7366244293
5363560
2231489387
6611397063
51808555
6465654651
2224346490
4048433943
5482982169
1834004012
4793602304
198760569
2093698713
1785316698
7546980273
5630597583
3929963219
24233512
2651506208
3223636376
295032950
2172091106
5336619723
6438888392
3544900154
6234792888
5381067697
1135684711
1780346887
1564185091
4614713876
398384679
300502175
277767466
202962489
5575092397
631518372
870000661
174492201
1681591855
1975874613
2949039006
251763592
8141369423
1079912596
33993944
304353
3912902903
1435017327
244334715
6836550671
6813559817
7871592457
188968449
5429194283
7592165912
3191513711
7155113549
6939331645
3013984471
379696580
4110724445
1990935236
7213404776
3178968618
6104721
4514781591
3087712657
5852093092
4088030023
1573830284
3119873036
1277410221
6634662517
266565730
1537299790
5785096049
1219845930
2255694
5170284227
4198844697
320849369
2228760550
3282672651
5659826208
7979848749
8198778930
5537359930
6707897401
3025191994
5477138504
8233974989
20620213
4350587565
7936309863
5549516743
4200338223
8731270
4368403109
6699143341
7773081533
5524549048
5508951118
3866764782
576807199
347436511
5807068457
1928489944
2113344250
7519516010
4299302217
44706847
7670068726
706539419
10353774
6252341757
6560378885
2925314862
6464479971
4022548640
4831219778
6011897733
8207548395
1685255001
3230562007
21620703
2199310778
3997841527
7879129717
5525592251
5709416463
3149205525
1373478937
3675013128
5714059291
4224237605
2818568230
5377015851
1932298287
6671460405
6803607615
1610340423
1419792459
3686303820
1420499122
2328322068
554682639
831643726
6852722959
4374198547
6805756182
5949550870
1482101015
5463470362
3987812640
5342714145
2464706849
3550245161
7211716911
5563713841
5591669056
5831704896
5554882884
5831889222
5497268551
3657011530
5506142557
2307996002
403011939
6293780862
5467001219
6095905164
1917053322
2961734028
6713303445
3491008921
4295565733
2234923430
280199610
7782009290
6929029580
5535947219
2202622347
1603017179
501062110
7101284846
5449132531
5441569277
3434541568
4223058440
4173234698
7216017933
1653910030
4757985810
5090017811
5461443097
2380192283
3144690209
1590942243
3142115875
1044851242
5804712492
1785410106
6031991355
273287752
4932188748
3700877709
6054912593
2045979218
3685333592
1538806380
5992143477
6966813305
1764792961
546421378
6930813581
6664600206
4649738897
6237414034
7267508896
272102054
6877930159
358175414
1700889274
204526266
5941727932
4466188988
1956739770
5618053826
5735287490
3220474567
7152898760
4866992849
1273250536
1333334763
6228544242
2239099642
5745128189
4263897862
5633440519
7393123079
7751572246
525210391
5791564569
183429750
6259213082
4664797982
335547165
2119002920
6929609518
7075398458
1387718649
48491862
144213544
2217547905
4248928904
6761726234
574928506
367432339
743080163
243262581
643361198
420960559
4469765109
7106340481
2225138491
2227760032
8282295
420282263
372752402
1652205760
6250304273
4846263758
2269943064
12862111
3307928396
3485386819
4988413897
1918818426
2899708186
180388
5317381979
3012831998
5872005528
5479502464
30979332
2264445061
8124251015
519587208
4421909768
6362565262
1541501586
1649466515
50651929
203333020
2213500703
3317767847
38708867
2349667194
2208442046
1125488718
2289717135
6650383843
299948512
625884066
6862670053
46735461
5867442353
1914851540
3932072725
4071815487
255462070
1598699050
3970878176
3554976986
1519696212
1299557416
5378574
214016798
1616873
7847081759
683862
6000852679
1547960134
2119278567
31210310
5663418959
1523822768
5569014860
243268880
3123172606
1943443359
3562726624
1539899426
2226600714
507265
2200866623
4222472727
6355072805
6942395801
1004668146
7313598
2305581199
3116923883
3877309083
1159803273
1478264127
321779000
2001270797
5511690254
4156649489
995231762
8154476574
4435853337
1648408610
311592999
31557678
47095862
1217038414
1484746838
2093149
3116961887
13926499
6724546678
6485024788
8074362924
2284849241
7312564315
4657979491
28813411
5470267
5503293508
1520205976
4620103838
1388288170
1787062444
1375897781
3254948044
173635789
8268173523
6769008850
3123259606
49275095
3215057112
1949941978
297312477
5898754277
4363282678
6332403965
1352063303
177952958
2276925618
196412061
7894350072
1413787117
1170709405
4080157355
2860187405
1916609899
2047880577
305941234
460211262
3609121074
1956494699
389623596
1399041706
4304140250
1629623887
218646093
1105802125
2224256065
4086960641
3237394438
1561493510
306072591
2940297750
7809469987
53513769
183251022
5375534156
323993688
6836782175
1190924385
3943043175
1243812982
1591529476
144028664
8278408931
1344586490
5488576285
1293194623
1302933
201605030
6142620375
253929730
1951906960
481094421
1413851400
1123223
1509882264
2216365346
175265316
6630791718
799522358
1949152125
468187367
287533783
1209760893
3430633525
280067093
7532745397
3747779714
284070525
3081479659
2139531490
7586084189
234969813
2696106904
3144736843
5008951929
344775027
362273354
46517822
4223867143
1698101761
2290396137
3236560845
286842046
3475452853
7095553710
175827367
5389040136
5665794066
7278041163
289182797
317005569
6936047737
46960804
4266065426
5741213974
6300458892
1699826737
7481162839
2117029649
7193957955
2730513
7808653165
2979247531
8229368584
1543695077
1437186269
3037717178
5771155632
1492615232
2963755093
21097391
399171949
3288818530
1299999412
338780546
1467733723
1471794230
21427008
3710770913
506928279
530373351
1540744358
19465726
1389882089
144556895
243428950
2066840010
1970145350
6009738036
7397283751
7308580228
229627311
2848976
6280199550
7174886418
3692995509
7571928
7230612684
427107196
7325485516
3297703264
6905210216
345449837
5317207471
287461878
2134536057
201713643
3593568678
2196622046
1631585877
1906606120
2689202181
2295408651
5782652942
3239350290
4271003667
489220001
262496762
7885329906
38215664
6116617956
7754017245
2963039944
359111125
2432411004
354101207
1966151454
983244648
4315022299
5792476739
8259230547
442412877
17683815
230117437
32112612
176059464
3086461111
2044617467
56101830
5867433015
194238959
6016770996
7300871888
5897175
37066873
3102251973
2347618072
2281223808
8406599231
5529193994
3312768268
7875282121
323412417
30402865
1980443515
1497343013
4412973589
44818504
7791385965
599085487
5918726024
180082659
8378210642
5706477766
4065556651
54939673
2090298430
1590799865
2159571024
7295110190
1414622724
6655475456
7047378188
5482479260
2869133257
2278019727
1587784500
8469051701
1061580080
531968383
8123604306
2274625337
599885572
1371873453
7697059158
1519838870
8465621224
7598567490
4047027966
1824950521
4201448844
5603085990
7530452898
994388817
1779560823
8019748953
1292320494
501599015
6875695026
338634112
6738442580
2138134840
7325892640
4187396488
2255065117
5509895030
8287834010
1393276537
5421515294
7547631921
1300679977
8363964855
3675076361
7411233449
1268989505
7452249972
4570479765
